import numpy as np


# 2 Hidden States 2D
means2_2 = np.array([[1.0, 4.0], [5.0, -3.0]])
covars2_2 = np.array([[[1.0, 0.0], [0.0, 1.0]],
                      [[1.0, 0.5], [0.5, 1.0]]])
# 3 Hidden States 2D
means3_2 = np.array([[1.0, 4.0], [5.0, -3.0], [-3.0, -4.0]])
covars3_2 = np.array([[[1.0, 0.0], [0.0, 1.0]],
                      [[1.0, 0.5], [0.5, 1.0]],
                      [[1.5, 1.0], [1.0, 1.5]]])

# 2 Hidden States 3D
means2_3 = np.array([[1.0, 4.0, 3.0],
                     [5.0, -3.0, 0.0]])
covars2_3 = np.array([[[1., 0.5, 0.2], [0.5, 1.25, 1.], [0.2, 1., 7.1]],
                      [[2.25, 1.5, 1.5], [1.5, 3.25, 1.75], [1.5, 1.75, 5.25]]])

# 3 Hidden States 3D
means3_3 = np.array([[1.6,  8.8, -1.6],
                     [-2.,  1.6, -5.2],
                     [9.2,  6.4,  0.4]])
covars3_3 = np.array([[[1.21, 1.1, 0.77], [1.1, 1.64, 2.22], [0.77, 2.22, 6.99]],
                      [[1.21, 2.2, 0.66], [2.2, 4.81, 2.28], [0.66, 2.28, 2.29]],
                      [[0.49, 1.12, 0.28], [1.12, 2.72, 1.32], [0.28, 1.32, 5.61]]])

# 2 Hidden States 4D
means2_4 = np.array([[ 2. , -0.8, -9.2,  1.2],
                     [-7.2, -8.4, -4. ,  0.8]])
covars2_4 = np.array([[[ 0.09,  0.36,  0.  ,  0.57],
                       [ 0.36,  3.69,  3.  ,  4.53],
                       [ 0.  ,  3.  ,  7.24,  5.52],
                       [ 0.57,  4.53,  5.52, 11.43]],

                      [[ 0.49,  0.07,  0.  ,  0.77],
                       [ 0.07,  0.26,  0.25,  0.51],
                       [ 0.  ,  0.25,  1.69,  0.52],
                       [ 0.77,  0.51,  0.52,  4.42]]])
# 3 Hidden States 4D
means3_4 = np.array([[ 3.2, -7.2,  2. , -9.2],
                    [ 6. ,  6.8, -6.8, -3.2],
                    [ 2. , -3.2, -1.2,  5.2]])
covars3_4 = np.array([[[1.96, 0.14, 0.98, 0.84],
                    [0.14, 0.82, 1.51, 0.24],
                    [0.98, 1.51, 3.21, 1.3 ],
                    [0.84, 0.24, 1.3 , 3.36]],

                    [[0.49, 0.91, 0.84, 1.33],
                    [0.91, 4.93, 1.56, 5.17],
                    [0.84, 1.56, 2.25, 2.55],
                    [1.33, 5.17, 2.55, 8.84]],

                    [[3.24, 3.24, 0.18, 1.98],
                    [3.24, 4.45, 1.94, 2.2 ],
                    [0.18, 1.94, 3.57, 0.83],
                    [1.98, 2.2 , 0.83, 3.1 ]]])

# 2 Hidden States 6D
means2_6 = np.array([[-0.4,  6. ,  1.6, -5.6,  8.8, -4. ],
                    [ 2. ,  5.6,  3.2, -0.4,  4.8,  4. ]])
covars2_6 = np.array([[[1.69, 1.69, 1.3 , 0.78, 0.  , 0.91],
                    [1.69, 1.73, 1.46, 1.14, 0.2 , 1.03],
                    [1.3 , 1.46, 2.  , 2.58, 0.8 , 2.08],
                    [0.78, 1.14, 2.58, 4.9 , 2.64, 4.04],
                    [0.  , 0.2 , 0.8 , 2.64, 4.13, 3.94],
                    [0.91, 1.03, 2.08, 4.04, 3.94, 8.68]],

                    [[2.25, 1.5 , 2.7 , 2.25, 0.45, 0.45],
                    [1.5 , 2.44, 3.96, 2.82, 1.62, 1.5 ],
                    [2.7 , 3.96, 6.64, 4.92, 2.64, 2.74],
                    [2.25, 2.82, 4.92, 3.91, 1.9 , 2.18],
                    [0.45, 1.62, 2.64, 1.9 , 1.92, 2.77],
                    [0.45, 1.5 , 2.74, 2.18, 2.77, 7.3 ]]])
# 3 Hidden States 6D
means3_6 = np.array([[-8.4,  1.2,  4. ,  7.2, -4.8, -0.8],
                    [ 5.6, -8.8, -0.4,  8. , -5.2, -8.4],
                    [ 8.8, -4.4,  4.8,  5.6,  2.8, -5.2]])
covars3_6 = np.array([[[ 0.36,  0.84,  0.18,  0.48,  0.06,  0.12],
                    [ 0.84,  2.6 ,  1.86,  1.84,  0.78,  1.32],
                    [ 0.18,  1.86,  3.69,  1.86,  2.67,  3.  ],
                    [ 0.48,  1.84,  1.86,  1.81,  0.92,  1.57],
                    [ 0.06,  0.78,  2.67,  0.92,  8.3 ,  4.09],
                    [ 0.12,  1.32,  3.  ,  1.57,  4.09,  7.14]],

                    [[ 3.24,  2.88,  3.24,  0.9 ,  3.6 ,  1.44],
                    [ 2.88,  3.37,  4.59,  1.97,  4.91,  2.99],
                    [ 3.24,  4.59,  8.06,  5.46,  7.43,  6.92],
                    [ 0.9 ,  1.97,  5.46,  5.71,  4.61,  6.82],
                    [ 3.6 ,  4.91,  7.43,  4.61, 12.26, 10.27],
                    [ 1.44,  2.99,  6.92,  6.82, 10.27, 12.32]],

                    [[ 0.16,  0.24,  0.08,  0.36,  0.52,  0.2 ],
                    [ 0.24,  0.52,  0.12,  0.54,  1.18,  0.62],
                    [ 0.08,  0.12,  1.48,  0.54,  1.22,  1.06],
                    [ 0.36,  0.54,  0.54,  2.59,  2.32,  2.9 ],
                    [ 0.52,  1.18,  1.22,  2.32,  7.06,  4.  ],
                    [ 0.2 ,  0.62,  1.06,  2.9 ,  4.  ,  8.58]]])

# 2 Hidden States 8D
means2_8 = np.array([[ 7.6,  6.8,  3.2,  3.2, -7.6,  6.4,  0.4,  6.4],
                    [-2.4, -7.2, -3.6, -1.6, -3.2,  6.4, -6. ,  8.4]])
covars2_8 = np.array([[[ 3.61,  2.09,  3.23,  2.28,  1.14,  0.57,  3.04,  3.8 ],
                    [ 2.09,  2.42,  3.85,  1.98,  1.43,  1.21,  1.87,  2.42],
                    [ 3.23,  3.85, 10.13,  4.92,  3.28,  4.95,  5.9 ,  7.56],
                    [ 2.28,  1.98,  4.92,  5.5 ,  3.97,  2.53,  4.69,  6.61],
                    [ 1.14,  1.43,  3.28,  3.97,  3.55,  2.33,  3.6 ,  5.51],
                    [ 0.57,  1.21,  4.95,  2.53,  2.33,  4.3 ,  4.81,  5.41],
                    [ 3.04,  1.87,  5.9 ,  4.69,  3.6 ,  4.81, 10.71, 11.84],
                    [ 3.8 ,  2.42,  7.56,  6.61,  5.51,  5.41, 11.84, 16.96]],

                    [[ 4.  ,  0.4 ,  2.6 ,  3.4 ,  1.  ,  0.6 ,  2.4 ,  2.  ],
                    [ 0.4 ,  2.  ,  1.38,  0.62,  2.62,  0.48,  1.22,  1.18],
                    [ 2.6 ,  1.38,  4.02,  2.5 ,  3.13,  3.23,  2.12,  3.03],
                    [ 3.4 ,  0.62,  2.5 ,  4.63,  1.94,  2.2 ,  3.35,  3.62],
                    [ 1.  ,  2.62,  3.13,  1.94,  6.63,  3.89,  4.56,  5.38],
                    [ 0.6 ,  0.48,  3.23,  2.2 ,  3.89,  7.09,  4.04,  6.33],
                    [ 2.4 ,  1.22,  2.12,  3.35,  4.56,  4.04,  9.92,  8.19],
                    [ 2.  ,  1.18,  3.03,  3.62,  5.38,  6.33,  8.19, 12.69]]])
# 3 Hidden States 8D
means3_8 = np.array([[-7.6, -6.8, -0.4, -6.8, 10. ,  7.2,  4.4, -7.2],
                    [ 3.6,  0.8,  0.4, -7.2,  4. , -6.4,  7.6,  8.4],
                    [-0.8,  0. , -4.8,  1.2, -4. , -8.8, -4. ,  0. ]])
covars3_8 = np.array([[[ 0.25,  0.05,  0.15,  0.9 ,  0.5 ,  0.95,  0.35,  0.45],
                    [ 0.05,  0.26,  0.88,  1.08,  0.75,  0.54,  0.32,  1.04],
                    [ 0.15,  0.88,  4.42,  5.28,  3.95,  4.16,  2.02,  4.46],
                    [ 0.9 ,  1.08,  5.28, 11.33,  8.88, 10.88,  3.96,  8.71],
                    [ 0.5 ,  0.75,  3.95,  8.88, 10.26,  9.15,  5.24,  8.05],
                    [ 0.95,  0.54,  4.16, 10.88,  9.15, 13.83,  5.12,  7.76],
                    [ 0.35,  0.32,  2.02,  3.96,  5.24,  5.12,  4.4 ,  4.86],
                    [ 0.45,  1.04,  4.46,  8.71,  8.05,  7.76,  4.86, 11.07]],

                    [[ 1.69,  1.43,  1.04,  1.69,  1.17,  1.56,  1.56,  1.3 ],
                    [ 1.43,  2.42,  2.2 ,  2.97,  1.21,  1.76,  2.86,  3.3 ],
                    [ 1.04,  2.2 ,  2.72,  3.84,  1.44,  2.4 ,  3.28,  3.68],
                    [ 1.69,  2.97,  3.84,  9.22,  5.14,  4.37,  7.87,  7.6 ],
                    [ 1.17,  1.21,  1.44,  5.14,  6.35,  4.37,  7.45,  4.1 ],
                    [ 1.56,  1.76,  2.4 ,  4.37,  4.37,  6.26,  7.06,  5.72],
                    [ 1.56,  2.86,  3.28,  7.87,  7.45,  7.06, 14.99, 10.72],
                    [ 1.3 ,  3.3 ,  3.68,  7.6 ,  4.1 ,  5.72, 10.72, 12.93]],

                    [[ 1.96,  1.96,  0.56,  1.82,  0.14,  0.42,  2.66,  0.84],
                    [ 1.96,  4.52,  2.96,  4.38,  2.38,  0.74,  3.14,  2.44],
                    [ 0.56,  2.96,  4.37,  5.44,  4.24,  2.1 ,  1.21,  3.42],
                    [ 1.82,  4.38,  5.44, 10.73,  5.61,  3.95,  5.47,  8.14],
                    [ 0.14,  2.38,  4.24,  5.61,  4.56,  2.79,  2.03,  4.26],
                    [ 0.42,  0.74,  2.1 ,  3.95,  2.79,  4.62,  5.03,  6.03],
                    [ 2.66,  3.14,  1.21,  5.47,  2.03,  5.03, 13.66, 10.6 ],
                    [ 0.84,  2.44,  3.42,  8.14,  4.26,  6.03, 10.6 , 16.83]]])

# 2 Hidden States 10D
means2_10 = np.array([[ 0.8,  2.8,  5.6, -0.8, 10. , -0.4,  0.8, -3.2, -4.4,  8. ], 
                    [-4.8, -2.8, -1.6, -7.2,  7.2, -9.2, -7.6,  0. , -4. ,  5.2]])
covars2_10 = np.array([[[ 0.49,  0.28,  0.14,  0.42,  0.28,  0.14,  0.77,  0.21,  0.56, 1.33],
                        [ 0.28,  1.16,  0.48,  0.74,  2.06,  1.68,  0.44,  1.52,  0.32, 2.46],
                        [ 0.14,  0.48,  2.16,  2.98,  1.68,  3.2 ,  0.22,  3.28,  1.98, 3.02],
                        [ 0.42,  0.74,  2.98,  5.43,  2.88,  5.  ,  2.86,  5.59,  4.49, 6.63],
                        [ 0.28,  2.06,  1.68,  2.88,  4.42,  4.88,  1.82,  4.72,  1.9 , 5.85],
                        [ 0.14,  1.68,  3.2 ,  5.  ,  4.88, 10.3 ,  6.36, 10.57,  4.5 , 8.61],
                        [ 0.77,  0.44,  0.22,  2.86,  1.82,  6.36, 13.07,  9.86,  5.36, 9.64],
                        [ 0.21,  1.52,  3.28,  5.59,  4.72, 10.57,  9.86, 14.28,  5.96, 11.66],
                        [ 0.56,  0.32,  1.98,  4.49,  1.9 ,  4.5 ,  5.36,  5.96,  5.32, 7.35],
                        [ 1.33,  2.46,  3.02,  6.63,  5.85,  8.61,  9.64, 11.66,  7.35, 15.4 ]],

                    [[ 0.16,  0.6 ,  0.8 ,  0.32,  0.76,  0.2 ,  0.08,  0.  ,  0.  , 0.48],
                        [ 0.6 ,  3.46,  3.99,  2.3 ,  3.07,  2.07,  1.73,  1.87,  1.65, 3.78],
                        [ 0.8 ,  3.99,  6.5 ,  4.84,  4.5 ,  4.29,  3.  ,  1.92,  3.04, 4.67],
                        [ 0.32,  2.3 ,  4.84,  4.92,  2.5 ,  4.78,  3.6 ,  2.24,  3.98, 3.92],
                        [ 0.76,  3.07,  4.5 ,  2.5 ,  3.99,  2.47,  1.38,  0.82,  1.18, 3.47],
                        [ 0.2 ,  2.07,  4.29,  4.78,  2.47,  8.11,  5.61,  5.44,  5.9 , 6.5 ],
                        [ 0.08,  1.73,  3.  ,  3.6 ,  1.38,  5.61,  7.31,  5.3 ,  6.83, 8.26],
                        [ 0.  ,  1.87,  1.92,  2.24,  0.82,  5.44,  5.3 ,  6.76,  6.12, 7.31],
                        [ 0.  ,  1.65,  3.04,  3.98,  1.18,  5.9 ,  6.83,  6.12, 10.96, 10.11],
                        [ 0.48,  3.78,  4.67,  3.92,  3.47,  6.5 ,  8.26,  7.31, 10.11, 15.69]]])
# 3 Hidden States 10D
means3_10 = np.array([[ 3.6, -1.6,  6.4, -7.6,  5.2,  7.2, -2.4,  8.8,  8. , -1.2],
                    [-4.8,  1.2,  4. , -9.2,  0.4, 10. , -8.8,  6.4, -9.6, -0.4],
                    [-6.4,  0.8,  4.8, -8.4, -7.6,  4.4,  3.2,  0.4,  1.2, -4.8]])
covars3_10 = np.array([[[ 1.69,  1.43,  1.69,  0.91,  2.34,  0.65,  1.82,  1.43,  2.34,0.13],
                        [ 1.43,  1.22,  1.46,  0.78,  2.12,  0.59,  1.71,  1.41,  2.03, 0.18],
                        [ 1.69,  1.46,  3.74,  2.62,  5.28,  1.75,  4.71,  4.41,  3.19, 2.72],
                        [ 0.91,  0.78,  2.62,  4.19,  5.96,  3.18,  3.79,  6.01,  2.21, 2.48],
                        [ 2.34,  2.12,  5.28,  5.96, 14.61,  5.18,  8.79, 11.61,  8.77, 7.2 ],
                        [ 0.65,  0.59,  1.75,  3.18,  5.18,  3.84,  3.66,  5.75,  2.53, 3.49],
                        [ 1.82,  1.71,  4.71,  3.79,  8.79,  3.66,  8.41,  8.96,  5.29, 5.39],
                        [ 1.43,  1.41,  4.41,  6.01, 11.61,  5.75,  8.96, 16.45,  6.12, 9.13],
                        [ 2.34,  2.03,  3.19,  2.21,  8.77,  2.53,  5.29,  6.12, 13.24, 10.12],
                        [ 0.13,  0.18,  2.72,  2.48,  7.2 ,  3.49,  5.39,  9.13, 10.12, 17.24]],

                    [[ 0.25,  0.8 ,  0.65,  0.9 ,  0.7 ,  0.15,  0.25,  0.65,  0.65, 0.45],
                        [ 0.8 ,  5.12,  3.52,  4.96,  4.96,  2.08,  0.96,  3.2 ,  3.84, 2.24],
                        [ 0.65,  3.52,  5.74,  6.57,  5.87,  2.73,  3.98,  5.38,  5.92, 2.88],
                        [ 0.9 ,  4.96,  6.57,  7.98,  7.63,  3.44,  4.25,  6.38,  7.63, 3.86],
                        [ 0.7 ,  4.96,  5.87,  7.63, 10.46,  4.16,  4.05,  8.97, 10.77, 5.93],
                        [ 0.15,  2.08,  2.73,  3.44,  4.16,  2.35,  2.64,  3.36,  4.97, 2.44],
                        [ 0.25,  0.96,  3.98,  4.25,  4.05,  2.64,  6.44,  6.82,  7.08, 4.38],
                        [ 0.65,  3.2 ,  5.38,  6.38,  8.97,  3.36,  6.82, 15.41, 11.31, 8.2 ],
                        [ 0.65,  3.84,  5.92,  7.63, 10.77,  4.97,  7.08, 11.31, 16.75, 10.29],
                        [ 0.45,  2.24,  2.88,  3.86,  5.93,  2.44,  4.38,  8.2 , 10.29, 9.08]],

                    [[ 0.09,  0.06,  0.39,  0.45,  0.42,  0.42,  0.15,  0.21,  0.27, 0.33],
                        [ 0.06,  1.48,  0.38,  2.1 ,  0.4 ,  2.32,  1.54,  1.34,  0.66, 2.26],
                        [ 0.39,  0.38,  5.31,  3.24,  2.59,  4.65,  1.53,  4.43,  2.73, 4.64],
                        [ 0.45,  2.1 ,  3.24,  6.82,  5.29,  7.17,  4.61,  5.31,  2.43, 6.14],
                        [ 0.42,  0.4 ,  2.59,  5.29,  9.37,  7.25,  4.3 ,  6.36,  2.52, 5.73],
                        [ 0.42,  2.32,  4.65,  7.17,  7.25,  9.73,  5.66,  8.26,  3.94, 8.83],
                        [ 0.15,  1.54,  1.53,  4.61,  4.3 ,  5.66,  6.9 ,  6.63,  4.65, 5.7 ],
                        [ 0.21,  1.34,  4.43,  5.31,  6.36,  8.26,  6.63, 13.24,  6.79, 9.05],
                        [ 0.27,  0.66,  2.73,  2.43,  2.52,  3.94,  4.65,  6.79,  7.87, 6.23],
                        [ 0.33,  2.26,  4.64,  6.14,  5.73,  8.83,  5.7 ,  9.05,  6.23, 12.25]]])

all_means = [means2_2, means3_2, means2_3, means3_3, means2_4, means3_4, means2_6, means3_6, means2_8, means3_8, means2_10, means3_10]
all_covars = [covars2_2, covars3_2, covars2_3, covars3_3, covars2_4, covars3_4, covars2_6, covars3_6, covars2_8, covars3_8, covars2_10, covars3_10]
means_opts = dict()
covars_opts = dict()
c = 0
for j in [2, 3, 4, 6, 8, 10]:
    for i in [2, 3]:
        means_opts[f'means{i}_{j}'] = all_means[c]
        covars_opts[f'covars{i}_{j}'] = all_covars[c]
        c += 1
